"猪生产价格指数"	"粮食产量"	"粮食价格指数"	"人均纯收入"	"人均猪肉消费量"	"存栏数"	"猪肉产量"
"猪生产价格指数"	1	0.880531994732602	0.963272985042869	0.875626763127312	0.537922565131762	0.905695349153063	0.915605875118808
"粮食产量"	0.880531994732602	1	0.86126002836659	0.791536986022989	0.692137188275267	0.864207315436088	0.877991328112437
"粮食价格指数"	0.963272985042869	0.86126002836659	1	0.939024431957049	0.525634481241953	0.897180718877135	0.946638009693404
"人均纯收入"	0.875626763127312	0.791536986022989	0.939024431957049	1	0.603581202149874	0.854487270218608	0.940862761484314
"人均猪肉消费量"	0.537922565131762	0.692137188275267	0.525634481241953	0.603581202149874	1	0.659864811818729	0.701052987816397
"存栏数"	0.905695349153063	0.864207315436088	0.897180718877135	0.854487270218608	0.659864811818729	1	0.957982703532127
"猪肉产量"	0.915605875118808	0.877991328112437	0.946638009693404	0.940862761484314	0.701052987816397	0.957982703532127	1
